1F FF 12  01 00 03 00 00 03 03 00 00 03 00 00 00 00 00 00 64  00 00 00 01 1E 3C 01 1E 1C 01 1E FC 
0F FF 13  01 00 03 00 00 0A 03 00 00 04 00 00 00 00 00 00 64  00 00 00 00 00 00 00 00 00 01 1D FC 
1F FF 12  01 06 04 00 00 03 04 00 00 03 00 01 00 FF 9C 00 64  01 1D FC 01 1E 7C 01 1E 5C 01 1E FC 
0F FF 13  01 06 04 00 00 0A 04 00 00 04 00 01 00 FF 9C 00 64  00 00 00 00 00 00 00 00 00 01 1E 3C 
0E 11 12  01 00 07 00 00 03 07 00 00 03 00 03 00 00 00 00 64  01 1E 3C 01 1E BC 01 1E 9C 01 1E FC 
0E 11 13  01 00 07 00 00 0A 07 00 00 04 00 03 00 00 00 00 64  00 00 00 00 00 00 00 00 00 01 1E 7C 
0E 11 12  01 06 08 00 00 03 08 00 00 03 00 04 00 FF 9C 00 64  01 1E 7C 01 1D BC 01 1E DC 01 1E FC 
0E 11 13  01 06 08 00 00 0A 08 00 00 04 00 04 00 FF 9C 00 64  00 00 00 00 00 00 00 00 00 01 1E BC 
@ 1EFC
0F FF 1A  00 00 00 8D 00 00 00 8D 00 01 00 03 00 00 00 00 00  00 00 00 00 00 00 01 1F 1C 01 1D FC 
1f1c
0F FF 00  00 00 01 01 01 02 01 01 01 02 00 00 00 00 00 00 00  00 00 00 01 23 7C 01 1F 3C 01 1E FC 
1f3c
0F FF 00  00 00 02 0D 0D 02 02 0D 0D 02 00 00 00 00 00 00 00  00 00 00 01 1F 7C 01 1F 5C 01 1F 1C 
1f5c
0F FF 10  01 00 03 00 00 03 03 00 00 05 00 00 00 00 00 00 64  00 00 00 00 00 00 00 00 00 01 1F 3C 
1f7c
0F FF 00  00 00 02 0E 0E 02 02 0E 0E 02 00 00 00 00 00 00 00  01 1F 3C 01 1F BC 01 1F 9C 01 1F 1C 
1f9c
0F FF 0F  01 06 04 00 00 03 04 00 00 05 00 01 00 FF 9C 00 64  00 00 00 00 00 00 00 00 00 01 1F 7C 
1fbc
0E FF 00  00 00 02 0F 0F 02 02 0F 0F 02 00 00 00 00 00 00 00  01 1F 7C 01 1F FC 01 1F DC 01 1F 1C 
1fdc
0E FF 07  01 06 05 75 82 03 05 75 82 03 00 00 0B 00 00 00 00  00 00 00 01 3A 3C 01 3A 1C 01 1F BC 
1ffc
0C FB 00  00 00 02 8F 10 02 02 8F 10 02 00 00 00 00 00 00 00  01 1F BC 01 20 3C 01 20 1C 01 1F 1C 
201c
0C FB 05  01 06 06 00 00 03 06 00 00 05 00 02 00 00 14 00 96  00 00 00 00 00 00 00 00 00 01 1F FC 
203c
0E 11 00  00 00 02 11 11 02 02 11 11 02 00 00 00 00 00 00 00  01 1F FC 01 20 7C 01 20 5C 01 1F 1C 
205c
0E 11 10  01 00 07 00 00 03 07 00 00 05 00 03 00 00 00 00 64  00 00 00 00 00 00 00 00 00 01 20 3C 
207c
0E 11 00  00 00 02 12 12 02 02 12 12 02 00 00 00 00 00 00 00  01 20 3C 01 20 BC 01 20 9C 01 1F 1C 
209c
0E 11 0F  01 06 08 00 00 03 08 00 00 05 00 04 00 FF 9C 00 64  00 00 00 00 00 00 00 00 00 01 20 7C 
20bc
0E 11 00  00 00 02 13 13 02 02 13 13 02 00 00 00 00 00 00 00  01 20 7C 01 20 FC 01 20 DC 01 1F 1C 
20dc
0E 11 07  01 06 09 75 82 03 09 75 82 03 00 01 0B 00 00 00 00  00 00 00 01 37 5C 01 37 3C 01 20 BC 
20fc
0C 15 00  00 00 02 14 14 02 02 14 14 02 00 00 00 00 00 00 00  01 20 BC 01 21 3C 01 21 1C 01 1F 1C 
211c
0C 15 05  01 06 0B 00 00 03 0B 00 00 04 00 07 00 00 00 00 5A  00 00 00 00 00 00 00 00 00 01 20 FC 
213c
0C 15 00  00 00 02 4F 58 02 02 4F 58 02 00 00 00 00 00 00 00  01 20 FC 01 21 7C 01 21 5C 01 1F 1C 
215c
0C 15 05  01 06 0A 00 00 03 0A 00 00 04 00 06 00 01 2C 02 BC  00 00 00 00 00 00 00 00 00 01 21 3C 
217c
0F 27 00  00 00 02 16 16 02 02 16 16 02 00 00 00 00 00 00 00  01 21 3C 01 21 BC 01 21 9C 01 1F 1C 
219c
0F 27 05  01 06 0C 00 00 03 0C 00 00 05 00 21 00 00 64 01 2C  00 00 00 00 00 00 00 00 00 01 21 7C 
21bc
0E 27 00  00 00 02 17 17 02 02 17 17 02 00 00 00 00 00 00 00  01 21 7C 01 21 FC 01 21 DC 01 1F 1C 
21dc
0E 27 05  00 00 0D 00 00 03 0D 00 00 05 00 22 00 00 00 00 0A  00 00 00 00 00 00 00 00 00 01 21 BC 
21fc
0E 21 00  00 00 02 90 18 02 02 90 18 02 00 00 00 00 00 00 00  01 21 BC 01 22 3C 01 22 1C 01 1F 1C 
221c
0E 21 05  05 01 0E 00 00 03 0E 00 00 05 00 23 00 00 00 00 1E  00 00 00 00 00 00 00 00 00 01 21 FC 
223c
0E 21 00  00 00 02 8E 9F 02 02 8E 9F 02 00 00 00 00 00 00 00  01 21 FC 01 22 7C 01 22 5C 01 1F 1C 
225c
0E 21 05  01 06 7A 00 00 03 7A 00 00 04 00 77 00 00 64 00 C9  00 00 00 00 00 00 00 00 00 01 22 3C 
227c
0E FB 00  00 00 02 91 19 02 02 91 19 02 00 00 00 00 00 00 00  01 22 3C 01 22 BC 01 22 9C 01 1F 1C 
229c
0E FB 05  01 06 0F 00 00 03 0F 00 00 05 00 24 00 00 64 01 2C  00 00 00 00 00 00 00 00 00 01 22 7C 
22bc
0F FC 00  00 00 02 19 1B 02 02 19 1B 02 00 00 00 00 00 00 00  01 22 7C 01 22 FC 01 22 DC 01 1F 1C 
22dc
0F FC 05  01 06 11 00 00 03 11 00 00 05 00 26 00 01 2C 01 F4  00 00 00 00 00 00 00 00 00 01 22 BC 
22fc
0F FC 00  00 00 02 1A 1C 02 02 1A 1C 02 00 00 00 00 00 00 00  01 22 BC 01 23 3C 01 23 1C 01 1F 1C 
231c
0F FC 05  01 06 12 00 00 03 12 00 00 05 00 27 00 00 14 00 96  00 00 00 00 00 00 00 00 00 01 22 FC 
233c
08 FB 00  00 00 02 1B 1D 02 02 1B 1D 02 00 00 00 00 00 00 00  01 22 FC 00 00 00 01 23 5C 01 1F 1C 
235c
08 FB 05  07 03 13 00 00 03 13 00 00 05 00 28 00 00 05 00 3C  00 00 00 00 00 00 00 00 00 01 23 3C 
237c
0F FB 00  00 00 01 02 02 02 01 02 02 02 00 00 00 00 00 00 00  01 1F 1C 01 25 9C 01 23 9C 01 1E FC 
239c
0F F9 00  00 00 14 1C 1E 02 14 1C 1E 02 00 00 00 00 00 00 00  00 00 00 01 23 DC 01 23 BC 01 23 7C 
23bc
0F F9 05  06 02 15 00 00 03 15 00 00 05 00 29 00 00 00 00 30  00 00 00 00 00 00 00 00 00 01 23 9C 
23dc
0E F9 00  00 00 14 1D 1F 02 14 1D 1F 02 00 00 00 00 00 00 00  01 23 9C 01 24 1C 01 23 FC 01 23 7C 
23fc
0E F9 05  05 01 16 00 00 03 16 00 00 05 00 2A 00 00 00 00 1E  00 00 00 00 00 00 00 00 00 01 23 DC 
241c
0E 0B 00  00 00 14 92 20 02 14 92 20 02 00 00 00 00 00 00 00  01 23 DC 01 24 5C 01 24 3C 01 23 7C 
243c
0E BB 05  01 06 17 00 00 03 17 00 00 05 00 2B 00 01 5E 02 1C  00 00 00 00 00 00 00 00 00 01 24 1C 
245c
0C 0B 00  00 00 14 93 21 02 14 93 21 02 00 00 00 00 00 00 00  01 24 1C 01 24 9C 01 24 7C 01 23 7C 
247c
0C BB 05  01 06 18 00 00 03 18 00 00 05 00 2C 00 00 14 00 96  00 00 00 00 00 00 00 00 00 01 24 5C 
249c
0C 43 00  00 00 14 1E 22 02 14 1E 22 02 00 00 00 00 00 00 00  01 24 5C 01 24 DC 01 24 BC 01 23 7C 
24bc
0C F3 05  01 06 19 00 00 03 19 00 00 05 00 2D 00 00 FA 01 E0  00 00 00 00 00 00 00 00 00 01 24 9C 
24dc
08 F9 00  00 00 14 1F 23 02 14 1F 23 02 00 00 00 00 00 00 00  01 24 9C 01 25 1C 01 24 FC 01 23 7C 
24fc
08 F9 05  01 06 1A 00 00 03 1A 00 00 05 00 2E 00 01 F4 02 BC  00 00 00 00 00 00 00 00 00 01 24 DC 
251c
08 F9 00  00 00 14 20 24 02 14 20 24 02 00 00 00 00 00 00 00  01 24 DC 01 25 5C 01 25 3C 01 23 7C 
253c
08 F9 05  07 03 1B 00 00 03 1B 00 00 05 00 2F 00 00 3C 01 2C  00 00 00 00 00 00 00 00 00 01 25 1C 
255c
08 FB 00  00 00 14 9D 25 02 14 9D 25 02 00 00 00 00 00 00 00  01 25 1C 00 00 00 01 25 7C 01 23 7C 
257c
08 FB 05  07 03 1C 00 00 03 1C 00 00 05 00 30 00 00 05 00 78  00 00 00 00 00 00 00 00 00 01 25 5C 
259c
0F FF 00  00 00 01 03 03 02 01 03 03 02 00 00 00 00 00 00 00  01 23 7C 01 26 FC 01 25 BC 01 1E FC 
25bc
0F FB 2D  01 06 1D 6A 9D 09 1D 6A 9D 09 02 09 81 00 6F 00 70  00 00 00 01 25 DC 00 00 00 01 25 9C 
25dc
0F FF 2D  01 06 1D 6B 76 09 1D 6B 76 09 02 0A 00 00 00 00 00  01 25 BC 01 25 FC 00 00 00 01 25 9C 
25fc
0F 0F 2D  01 06 1D 6C 9E 09 1D 6C 9E 09 02 14 2B 00 00 00 00  01 25 DC 01 26 1C 00 00 00 01 25 9C 
261c
0F 17 2D  01 06 1D 6D 9E 09 1D 6D 9E 09 02 0C 6D 00 00 00 00  01 25 FC 01 26 3C 00 00 00 01 25 9C 
263c
0F 27 2D  01 06 1D 6E A8 09 1D 6E A8 09 02 0D 7E 00 00 00 00  01 26 1C 01 26 5C 00 00 00 01 25 9C 
265c
0F FF 2D  01 06 1D 6F 76 09 1D 6F 76 09 02 0E 00 00 00 00 00  01 26 3C 01 26 7C 00 00 00 01 25 9C 
267c
0F FF 2D  01 06 1D 70 76 09 1D 70 76 09 02 0F 00 00 00 00 00  01 26 5C 01 26 9C 00 00 00 01 25 9C 
269c
0F FF 2D  01 06 1D 71 76 09 1D 71 76 09 02 10 00 00 00 00 00  01 26 7C 01 26 BC 00 00 00 01 25 9C 
26bc
0F FF 2D  01 06 1D 72 76 09 1D 72 76 09 02 11 00 00 00 00 00  01 26 9C 01 26 DC 00 00 00 01 25 9C 
26dc
0F FF 2D  01 06 1D 73 76 09 1D 73 76 09 02 12 00 00 00 00 00  01 26 BC 00 00 00 00 00 00 01 25 9C 
26fc
0E FF 00  00 00 01 04 04 02 01 04 04 02 00 00 00 00 00 00 00  01 25 9C 01 28 7C 01 27 1C 01 1E FC 
271c
0E FF 00  00 00 1E 21 26 02 1E 21 26 02 00 00 00 00 00 00 00  00 00 00 01 27 7C 01 27 3C 01 26 FC 
273c
0E FF 0B  00 00 1F 00 00 03 1F 00 00 03 00 00 00 00 00 00 00  00 00 00 00 00 00 01 27 5C 01 27 1C 
275
0E FF 0C  00 00 1F 00 00 06 1F 00 00 06 00 00 00 00 00 00 00  00 00 00 00 00 00 00 00 00 01 27 3C 
277
0E FF 00  00 00 1E 69 73 02 1E 69 73 02 00 00 00 00 00 00 00  01 27 1C 01 27 BC 01 27 9C 01 26 FC 
279
0E FF 06  01 06 67 00 00 03 67 00 00 05 00 32 00 FF 38 00 C8  00 00 00 00 00 00 00 00 00 01 27 7C 
27b
0C FF 00  00 00 1E 22 27 02 1E 22 27 02 00 00 00 00 00 00 00  01 27 7C 01 28 1C 01 27 DC 01 26 FC 
27d
0C FF 0B  00 00 20 00 00 03 20 00 00 03 00 07 00 00 00 00 00  00 00 00 00 00 00 01 27 FC 01 27 BC 
27f
0C FF 0C  00 00 20 00 00 06 20 00 00 06 00 07 00 00 00 00 00  00 00 00 00 00 00 00 00 00 01 27 DC 
281
0E FB 00  00 00 1E 23 28 02 1E 23 28 02 00 00 00 00 00 00 00  01 27 BC 00 00 00 01 28 3C 01 26 FC 
283
0E FB 0B  00 00 21 00 00 03 21 00 00 03 00 0E 00 00 00 00 00  00 00 00 00 00 00 01 28 5C 01 28 1C 
285
0E FF 0C  00 00 21 00 00 06 21 00 00 06 00 0E 00 00 00 00 00  00 00 00 00 00 00 00 00 00 01 28 3C 
287
0C FF 00  00 00 01 05 05 02 01 05 05 02 00 00 00 00 00 00 00  01 26 FC 01 2C FC 01 28 9C 01 1E FC 
289
0C FD 00  00 00 22 83 8E 02 22 83 8E 02 00 00 00 00 00 00 00  00 00 00 01 28 DC 01 28 BC 01 28 7C 
28b
0C FD 0E  00 00 6E 8C 00 03 6E 8C 00 04 00 6B 00 00 00 00 03  00 00 00 00 00 00 00 00 00 01 28 9C 
28d
0C FF 00  00 00 22 25 2A 02 22 25 2A 02 00 00 00 00 00 00 00  01 28 9C 01 2A BC 01 28 FC 01 28 7C 
28f
0C FF 00  00 00 24 35 39 02 24 35 39 02 00 20 01 00 00 00 00  00 00 00 01 29 3C 01 29 1C 01 28 DC 
291
0C FF 11  00 00 72 43 96 0C 72 44 A9 0C 00 20 01 00 00 00 00  00 00 00 00 00 00 00 00 00 01 28 FC 
293
0C FF 00  00 00 24 36 A4 02 24 36 A4 02 00 27 01 00 00 00 00  01 28 FC 01 29 7C 01 29 5C 01 28 DC 
295
0C FF 11  00 00 73 9E 97 0C 73 9F AA 0C 00 27 01 00 00 00 00  00 00 00 00 00 00 00 00 00 01 29 3C 
297
0C FF 00  00 00 24 37 A5 02 24 37 A5 02 00 26 01 00 00 00 00  01 29 3C 01 29 BC 01 29 9C 01 28 DC 
299
0C FF 11  00 00 74 A0 98 0C 74 A1 AB 0C 00 26 01 00 00 00 00  00 00 00 00 00 00 00 00 00 01 29 7C 
29b
0C FF 00  00 00 24 38 3A 02 24 38 3A 02 00 28 01 00 00 00 00  01 29 7C 01 29 FC 01 29 DC 01 28 DC 
29d
0C FF 11  00 00 75 88 99 0C 75 89 AC 0C 00 28 01 00 00 00 00  00 00 00 00 00 00 00 00 00 01 29 BC 
29f
0C FF 00  00 00 24 39 A6 02 24 39 A6 02 00 22 01 00 00 00 00  01 29 BC 01 2A 3C 01 2A 1C 01 28 DC 
2a1
0C FF 11  00 00 76 A2 9A 0C 76 A3 AD 0C 00 22 01 00 00 00 00  00 00 00 00 00 00 00 00 00 01 29 FC 
2a3
0C FF 00  00 00 24 3A A7 02 24 3A A7 02 00 21 01 00 00 00 00  01 29 FC 01 2A 7C 01 2A 5C 01 28 DC 
2a5
0C FF 11  00 00 77 A4 9B 0C 77 A5 AE 0C 00 21 01 00 00 00 00  00 00 00 00 00 00 00 00 00 01 2A 3C 
2a7
0C FF 00  00 00 24 3B 38 02 24 3B 38 02 00 25 01 00 00 00 00  01 2A 3C 00 00 00 01 2A 9C 01 28 DC 
2a9
0C FF 11  00 00 78 8A 9C 0C 78 8B AF 0C 00 25 01 00 00 00 00  00 00 00 00 00 00 00 00 00 01 2A 7C 
2ab
0C FD 00  00 00 22 26 2B 02 22 26 2B 02 00 00 00 00 00 00 00  01 28 DC 01 2A FC 01 2A DC 01 28 7C 
2ad
0C FD 01  00 00 25 3F 3F 03 25 3F 3F 04 00 3A 00 00 00 00 00  00 00 00 00 00 00 00 00 00 01 2A BC 
2af
0C F9 00  00 00 22 9C 8F 02 22 9C 8F 02 00 00 00 00 00 00 00  01 2A BC 01 2B 3C 01 2B 1C 01 28 7C 
2b1
0C F9 01  00 00 3A 3E 45 03 3A 3E 45 04 00 3B 00 00 2A 00 01  00 00 00 00 00 00 00 00 00 01 2A FC 
2b3
0C FF 00  00 00 22 2F 2C 02 22 2F 2C 02 00 00 00 00 00 00 00  01 2A FC 01 2B 7C 01 2B 5C 01 28 7C 
2b5
0C FF 20  00 00 68 10 40 0C 68 10 40 0C 00 00 00 00 00 00 00  00 00 00 00 00 00 00 00 00 01 2B 3C 
2b7
0C FF 00  00 00 22 28 2D 02 22 28 2D 02 00 00 00 00 00 00 00  01 2B 3C 01 2B BC 01 2B 9C 01 28 7C 
2b9c
0C FF 15  00 00 27 00 42 03 27 00 42 04 00 3C 00 00 33 00 04  00 00 00 00 00 00 00 00 00 01 2B 7C 
2bb
0C FF 00  00 00 22 29 2E 02 22 29 2E 02 00 00 00 00 00 00 00  01 2B 7C 01 2B FC 01 2B DC 01 28 7C 
2bdc
0C FF 15  00 00 28 00 00 03 28 00 00 04 00 3D 00 01 30 00 0F  00 00 00 00 00 00 00 00 00 01 2B BC 
2bf
0C FF 00  00 00 22 2B 30 02 22 2B 30 02 00 00 00 00 00 00 00  01 2B BC 01 2C 3C 01 2C 1C 01 28 7C 
2c1c
0C FF 01  00 00 2A 40 43 03 2A 40 43 04 00 3F 00 00 00 00 00  00 00 00 00 00 00 00 00 00 01 2B FC 
2c3
0C FF 00  00 00 22 2C 31 02 22 2C 31 02 00 00 00 00 00 00 00  01 2B FC 01 2C 7C 01 2C 5C 01 28 7C 
2c5
0C FF 01  00 00 2B 41 44 03 2B 41 44 04 00 40 00 00 00 00 00  00 00 00 00 00 00 00 00 00 01 2C 3C 
2c7
0C FF 00  00 00 22 2D 32 02 22 2D 32 02 00 00 00 00 00 00 00  01 2C 3C 01 2C BC 01 2C 9C 01 28 7C 
2c9
0C FF 1E  00 00 2C 00 00 09 2C 00 00 09 00 41 00 00 00 00 00  00 00 00 00 00 00 00 00 00 01 2C 7C 
2cb
0C FF 00  00 00 22 81 8D 02 22 81 8D 02 00 00 00 00 00 00 00  01 2C 7C 00 00 00 01 2C DC 01 28 7C 
2cd
0C FF 1C  00 00 6A 00 00 0E 6A 00 00 0E 00 00 00 00 00 00 00  00 00 00 00 00 00 00 00 00 01 2C BC 
2cf
0C FF 00  00 00 01 06 06 02 01 06 06 02 00 00 00 00 00 00 00  01 28 7C 01 2E 9C 01 2D 1C 01 1E FC 
2d1
0C F9 00  00 00 2D 45 48 02 2D 45 48 02 00 00 00 00 00 00 00  00 00 00 01 2D 5C 01 2D 3C 01 2C FC 
2d3
0C F9 19  05 03 2E 00 00 09 2E 00 00 09 00 00 01 00 00 00 00  00 00 00 00 00 00 00 00 00 01 2D 1C 
2d5
0C FF 00  00 00 2D 97 49 02 2D 97 49 02 00 00 00 00 00 00 00  01 2D 1C 01 2D 9C 01 2D 7C 01 2C FC 
2d7
0C FF 19  08 04 2F 00 00 09 2F 00 00 09 00 00 00 00 00 00 00  00 00 00 00 00 00 00 00 00 01 2D 5C 
2d9
0C FF 00  00 00 2D 98 4A 02 2D 98 4A 02 00 00 00 00 00 00 00  01 2D 5C 01 2D DC 01 2D BC 01 2C FC 
2db
0C FF 19  08 04 30 00 00 09 30 00 00 09 00 01 00 00 00 00 00  00 00 00 00 00 00 00 00 00 01 2D 9C 
2dd
0C FF 00  00 00 2D 99 4B 02 2D 99 4B 02 00 00 00 00 00 00 00  01 2D 9C 01 2E 1C 01 2D FC 01 2C FC 
2df
0C FF 19  08 04 31 00 00 09 31 00 00 09 00 02 00 00 00 00 00  00 00 00 00 00 00 00 00 00 01 2D DC 
2e1
0C FA 00  00 00 2D 9A 4C 02 2D 9A 4C 02 00 00 00 00 00 00 00  01 2D DC 01 2E 5C 01 2E 3C 01 2C FC 
2e3
0C FA 19  08 04 32 00 00 09 32 00 00 09 00 03 00 00 00 00 00  00 00 00 00 00 00 00 00 00 01 2E 1C 
2e5
0C FA 00  00 00 2D 9B 4D 02 2D 9B 4D 02 00 00 00 00 00 00 00  01 2E 1C 00 00 00 01 2E 7C 01 2C FC 
2e7
0C FA 19  08 04 33 00 00 09 33 00 00 09 00 04 00 00 00 00 00  00 00 00 00 00 00 00 00 00 01 2E 5C 
2e9c
0E FF 00  00 00 01 07 07 02 01 07 07 02 00 00 00 00 00 00 00  01 2C FC 01 30 3C 01 2E BC 01 1E FC 

2ebc
0E FF 00  00 00 62 46 4E 02 62 46 4E 02 00 00 00 00 00 00 00  00 00 00 01 2E FC 01 2E DC 01 2E 9C 
2edc
0E FF 16  00 02 34 00 00 09 34 00 00 09 00 48 00 00 00 00 00  00 00 00 00 00 00 00 00 00 01 2E BC 

2efc
0E FB 00  00 00 62 47 4F 02 62 47 4F 02 00 00 00 00 00 00 00  01 2E BC 01 2F 3C 01 2F 1C 01 2E 9C 
2f1c
0E FB 16  02 07 35 4A 00 09 35 00 00 09 00 4A 00 00 00 00 00  00 00 00 00 00 00 00 00 00 01 2E FC 

2f3c
0E FF 00  00 00 62 48 50 02 62 48 50 02 00 00 00 00 00 00 00  01 2E FC 01 2F 7C 01 2F 5C 01 2E 9C 
2f5c
0E FF 16  00 02 36 00 00 09 36 00 00 09 00 4C 00 00 00 00 00  00 00 00 00 00 00 00 00 00 01 2F 3C 

2f7c
0E FB 00  00 00 62 49 51 02 62 49 51 02 00 00 00 00 00 00 00  01 2F 3C 01 2F BC 01 2F 9C 01 2E 9C 
2f9c
0E FB 16  02 07 37 4A 00 09 37 00 00 09 00 4E 00 00 00 00 00  00 00 00 00 00 00 00 00 00 01 2F 7C 

2fbc
08 FF 00  00 00 62 84 93 02 62 84 93 02 00 00 00 00 00 00 00  01 2F 7C 01 2F FC 01 2F DC 01 2E 9C 
2fdc
08 FF 16  06 02 6F 00 00 09 6F 00 00 09 00 46 00 00 00 00 00  00 00 00 00 00 00 00 00 00 01 2F BC 

2ffc
08 FF 00  00 00 62 4B 53 02 62 4B 53 02 00 00 00 00 00 00 00  01 2F BC 00 00 00 01 30 1C 01 2E 9C 
301c
08 FF 17  00 00 39 68 47 0C 39 68 47 0C 00 51 00 00 00 00 00  00 00 00 00 00 00 00 00 00 01 2F FC 

0C FF 00  00 00 01 08 08 02 01 08 08 02 00 00 00 00 00 00 00  01 2E 9C 01 33 3C 01 30 5C 01 1E FC 

0C FF 00  00 00 4C 4C 54 02 4C 4C 54 02 00 00 00 00 00 00 00  00 00 00 01 30 9C 01 30 7C 01 30 3C 
0C FF 05  07 03 3B 00 00 03 3B 00 00 05 00 52 00 00 01 01 2C  00 00 00 00 00 00 00 00 00 01 30 5C 
0C FF 00  00 00 4C A6 55 02 4C A6 55 02 00 00 00 00 00 00 00  01 30 5C 01 30 DC 01 30 BC 01 30 3C 
0C FF 05  01 06 3C 00 00 03 3C 00 00 05 00 53 00 FF 9C 00 C9  00 00 00 00 00 00 00 00 00 01 30 9C 
0C FF 00  00 00 4C 4D 56 02 4C 4D 56 02 00 00 00 00 00 00 00  01 30 9C 01 32 7C 01 30 FC 01 30 3C 
0C FA 00  00 00 3D 50 59 02 3D 50 59 02 00 00 00 00 00 00 00  00 00 00 01 31 3C 01 31 1C 01 30 DC 
0C FA 05  07 03 3F 00 00 03 3F 00 00 04 00 55 00 00 00 00 3C  00 00 00 00 00 00 00 00 00 01 30 FC 
0C FA 00  00 00 3D 50 5A 02 3D 50 5A 02 00 00 00 00 00 00 00  01 30 FC 01 31 7C 01 31 5C 01 30 DC 
0C FA 05  07 03 40 00 00 03 40 00 00 05 00 56 00 00 0A 00 F0  00 00 00 00 00 00 00 00 00 01 31 3C 
0C FA 00  00 00 3D 14 15 02 3D 14 15 02 00 00 00 00 00 00 5A  01 31 3C 01 31 BC 01 31 9C 01 30 DC 
0C FA 05  01 06 79 00 00 03 79 00 00 05 00 20 00 00 00 00 5A  00 00 00 00 00 00 00 00 00 01 31 7C 
0C FF 00  00 00 3D 94 90 02 3D 94 90 02 00 00 00 00 00 00 00  01 31 7C 01 31 FC 01 31 DC 01 30 DC 
0C FF 05  07 03 6B 00 00 03 6B 00 00 05 00 42 00 00 00 00 3C  00 00 00 00 00 00 00 00 00 01 31 BC 
0C FF 00  00 00 3D 95 91 02 3D 95 91 02 00 00 00 00 00 00 00  01 31 BC 01 32 3C 01 32 1C 01 30 DC 
0C FF 05  07 03 6C 00 00 03 6C 00 00 04 00 43 00 00 00 00 3C  00 00 00 00 00 00 00 00 00 01 31 FC 
0C FA 00  00 00 3D 96 92 02 3D 96 92 02 00 00 00 00 00 00 00  01 31 FC 00 00 00 01 32 5C 01 30 DC 
0C FA 05  00 04 6D 00 00 03 6D 00 00 05 00 44 00 00 00 02 58  00 00 00 00 00 00 00 00 00 01 32 3C 
08 FF 00  00 00 4C 4E 57 02 4C 4E 57 02 00 00 00 00 00 00 00  01 30 DC 01 32 BC 01 32 9C 01 30 3C 
08 FF 05  01 06 42 00 00 03 42 00 00 05 00 58 00 01 2C 02 58  00 00 00 00 00 00 00 00 00 01 32 7C 
0C FD 00  00 00 4C 85 94 02 4C 85 94 02 00 00 00 00 00 00 00  01 32 7C 01 32 FC 01 32 DC 01 30 3C 
0C FD 1F  02 07 70 00 00 09 70 00 00 09 00 6C 00 00 00 00 00  00 00 00 00 00 00 00 00 00 01 32 BC 
0C FA 00  00 00 4C 86 95 02 4C 86 95 02 00 00 00 00 00 00 00  01 32 BC 00 00 00 01 33 1C 01 30 3C 
0C FA 1F  03 07 71 00 00 09 71 00 00 09 00 64 00 00 00 00 00  00 00 00 00 00 00 00 00 00 01 32 FC 
08 FF 00  00 00 01 09 09 02 01 09 09 02 00 00 00 00 00 00 00  01 30 3C 01 36 5C 01 33 5C 01 1E FC 
08 FF 00  00 00 43 52 5C 02 43 52 5C 02 00 00 00 00 00 00 00  00 00 00 01 33 9C 01 33 7C 01 33 3C 
08 FF 05  01 06 5B 00 00 03 5B 00 00 05 00 59 00 FF 37 00 64  00 00 00 00 00 00 00 00 00 01 33 5C 
08 FB 00  00 00 43 53 5D 02 43 53 5D 02 00 00 00 00 00 00 00  01 33 5C 01 33 DC 01 33 BC 01 33 3C 
08 FB 05  01 06 5C 00 00 03 5C 00 00 05 00 5A 00 01 2C 02 58  00 00 00 00 00 00 00 00 00 01 33 9C 
08 FB 00  00 00 43 54 5E 02 43 54 5E 02 00 00 00 00 00 00 00  01 33 9C 01 34 1C 01 33 FC 01 33 3C 
08 FB 05  01 06 5D 00 00 03 5D 00 00 05 00 5B 00 01 90 02 EE  00 00 00 00 00 00 00 00 00 01 33 DC 
08 FF 00  00 00 43 55 5F 02 43 55 5F 02 00 00 00 00 00 00 00  01 33 DC 01 34 5C 01 34 3C 01 33 3C 
08 FF 05  01 06 5E 00 00 03 5E 00 00 05 00 5C 00 FF 9C 01 5E  00 00 00 00 00 00 00 00 00 01 34 1C 
08 FF 00  00 00 43 56 60 02 43 56 60 02 00 00 00 00 00 00 00  01 34 1C 01 34 9C 01 34 7C 01 33 3C 
08 FF 05  01 06 5F 00 00 03 5F 00 00 05 00 5D 00 FF 9C 01 5E  00 00 00 00 00 00 00 00 00 01 34 5C 
08 FF 00  00 00 43 57 61 02 43 57 61 02 00 00 00 00 00 00 00  01 34 5C 01 34 DC 01 34 BC 01 33 3C 
08 FF 05  01 06 60 00 00 03 60 00 00 05 00 5E 00 03 E8 05 78  00 00 00 00 00 00 00 00 00 01 34 9C 
08 FF 00  00 00 43 58 62 02 43 58 62 02 00 00 00 00 00 00 00  01 34 9C 01 35 1C 01 34 FC 01 33 3C 
08 FF 05  08 04 61 00 00 03 61 00 00 05 00 5F 00 00 00 01 2C  00 00 00 00 00 00 00 00 00 01 34 DC 
08 FF 00  00 00 43 59 63 02 43 59 63 02 00 00 00 00 00 00 00  01 34 DC 01 35 5C 01 35 3C 01 33 3C 
08 FF 05  07 03 63 00 00 03 63 00 00 05 00 60 00 00 05 00 78  00 00 00 00 00 00 00 00 00 01 35 1C 
08 FF 00  00 00 43 5A 64 02 43 5A 64 02 00 00 00 00 00 00 00  01 35 1C 01 35 9C 01 35 7C 01 33 3C 
08 FF 05  07 03 64 00 00 03 64 00 00 05 00 61 00 00 00 00 1E  00 00 00 00 00 00 00 00 00 01 35 5C 
08 FB 00  00 00 43 5B 65 02 43 5B 65 02 00 00 00 00 00 00 00  01 35 5C 01 35 DC 01 35 BC 01 33 3C 
08 FB 05  07 03 65 00 00 03 65 00 00 05 00 62 00 00 00 00 1E  00 00 00 00 00 00 00 00 00 01 35 9C 
08 FF 00  00 00 43 5C 66 02 43 5C 66 02 00 00 00 00 00 00 00  01 35 9C 01 36 1C 01 35 FC 01 33 3C 
08 FF 14  00 00 66 4B 72 0C 66 4B 72 0C 00 63 00 00 00 00 00  00 00 00 00 00 00 00 00 00 01 35 DC 
08 FF 00  00 00 43 15 1A 02 43 15 1A 02 00 00 00 00 00 00 00  01 35 DC 00 00 00 01 36 3C 01 33 3C 
08 FF 05  01 06 47 00 00 03 47 00 00 05 00 83 00 00 00 01 2C  00 00 00 00 00 00 00 00 00 01 36 1C 
0E FF 00  00 00 01 0A 0A 02 01 0A 0A 02 00 00 00 00 00 00 00  01 33 3C 01 36 BC 01 36 7C 01 1E FC 
0E FF 09  00 00 44 00 00 03 44 00 00 03 00 02 00 00 00 00 00  00 00 00 00 00 00 01 36 9C 01 36 5C 
0E FF 0A  00 00 44 00 00 06 44 00 00 06 00 00 00 00 00 00 00  00 00 00 00 00 00 00 00 00 01 36 7C 
0E FF 00  00 00 01 0B 0B 02 01 0B 0B 02 00 00 00 00 00 00 00  01 36 5C 01 36 FC 01 36 DC 01 1E FC 
0E FF 1B  00 00 45 82 00 09 45 82 00 09 00 39 5A 00 00 00 00  00 00 00 00 00 00 01 1D 5C 01 36 BC 
0E FF 00  00 00 01 0C 0C 02 01 0C 0C 02 00 00 00 00 00 00 00  01 36 BC 00 00 00 01 37 1C 01 1E FC 
0E FF 18  00 00 46 5D 67 0C 46 5D 67 0C 00 00 00 00 00 00 00  00 00 00 00 00 00 00 00 00 01 36 FC 
0E 11 08  01 06 4F 00 00 0A 4F 00 00 04 00 01 0B 00 64 04 38  00 00 00 00 00 00 00 00 00 01 20 DC 
0E 11 07  01 06 09 76 83 03 09 76 83 03 00 01 0A 00 00 00 00  01 20 DC 01 37 9C 01 37 7C 01 20 BC 
0E 11 08  01 06 50 00 00 0A 50 00 00 04 00 01 0A 00 64 04 38  00 00 00 00 00 00 00 00 00 01 37 5C 
0E 11 07  01 06 09 77 84 03 09 77 84 03 00 01 09 00 00 00 00  01 37 5C 01 37 DC 01 37 BC 01 20 BC 
0E 11 08  01 06 51 00 00 0A 51 00 00 04 00 01 09 00 64 04 38  00 00 00 00 00 00 00 00 00 01 37 9C 
0E 11 07  01 06 09 78 85 03 09 78 85 03 00 01 08 00 00 00 00  01 37 9C 01 38 1C 01 37 FC 01 20 BC 
0E 11 08  01 06 52 00 00 0A 52 00 00 04 00 01 08 00 64 04 38  00 00 00 00 00 00 00 00 00 01 37 DC 
0E 11 07  01 06 09 79 86 03 09 79 86 03 00 01 07 00 00 00 00  01 37 DC 01 38 5C 01 38 3C 01 20 BC 
0E 11 08  01 06 53 00 00 0A 53 00 00 04 00 01 07 00 64 04 38  00 00 00 00 00 00 00 00 00 01 38 1C 
0E 11 07  01 06 09 7A 87 03 09 7A 87 03 00 01 06 00 00 00 00  01 38 1C 01 38 9C 01 38 7C 01 20 BC 
0E 11 08  01 06 54 00 00 0A 54 00 00 05 00 01 06 00 64 04 38  00 00 00 00 00 00 00 00 00 01 38 5C 
0E 11 07  01 06 09 7B 88 03 09 7B 88 03 00 01 05 00 00 00 00  01 38 5C 01 38 DC 01 38 BC 01 20 BC 
0E 11 08  01 06 55 00 00 0A 55 00 00 04 00 01 05 00 64 04 38  00 00 00 00 00 00 00 00 00 01 38 9C 
0E 11 07  01 06 09 7C 89 03 09 7C 89 03 00 01 04 00 00 00 00  01 38 9C 01 39 1C 01 38 FC 01 20 BC 
0E 11 08  01 06 56 00 00 0A 56 00 00 04 00 01 04 00 64 04 38  00 00 00 00 00 00 00 00 00 01 38 DC 
0E 11 07  01 06 09 7D 8A 03 09 7D 8A 03 00 01 03 00 00 00 00  01 38 DC 01 39 5C 01 39 3C 01 20 BC 
0E 11 08  01 06 57 00 00 0A 57 00 00 04 00 01 03 00 64 04 38  00 00 00 00 00 00 00 00 00 01 39 1C 
0E 11 07  01 06 09 7E 8B 03 09 7E 8B 03 00 01 02 00 00 00 00  01 39 1C 01 39 9C 01 39 7C 01 20 BC 
0E 11 08  01 06 58 00 00 0A 58 00 00 04 00 01 02 00 64 04 38  00 00 00 00 00 00 00 00 00 01 39 5C 
0E 11 07  01 06 09 7F 8C 03 09 7F 8C 03 00 01 01 00 00 00 00  01 39 5C 01 39 DC 01 39 BC 01 20 BC 
0E 11 08  01 06 59 00 00 0A 59 00 00 04 00 01 01 00 64 04 38  00 00 00 00 00 00 00 00 00 01 39 9C 
0E 11 07  01 06 09 80 00 03 09 80 00 03 00 01 00 00 00 00 00  01 39 9C 00 00 00 01 39 FC 01 20 BC 
0E 11 08  01 06 5A 00 00 0A 5A 00 00 04 00 01 00 00 64 04 38  00 00 00 00 00 00 00 00 00 01 39 DC 
0E FF 08  01 06 4F 00 00 0A 4F 00 00 04 00 00 0B 00 64 04 38  00 00 00 00 00 00 00 00 00 01 1F DC 
0E FF 07  01 06 05 76 83 03 05 76 83 03 00 00 0A 00 00 00 00  01 1F DC 01 3A 7C 01 3A 5C 01 1F BC 
0E FF 08  01 06 50 00 00 0A 50 00 00 04 00 00 0A 00 64 04 38  00 00 00 00 00 00 00 00 00 01 3A 3C 
0E FF 07  01 06 05 77 84 03 05 77 84 03 00 00 09 00 00 00 00  01 3A 3C 01 3A BC 01 3A 9C 01 1F BC 
0E FF 08  01 06 51 00 00 0A 51 00 00 04 00 00 09 00 64 04 38  00 00 00 00 00 00 00 00 00 01 3A 7C 
0E FF 07  01 06 05 78 85 03 05 78 85 03 00 00 08 00 00 00 00  01 3A 7C 01 3A FC 01 3A DC 01 1F BC 
0E FF 08  01 06 52 00 00 0A 52 00 00 04 00 00 08 00 64 04 38  00 00 00 00 00 00 00 00 00 01 3A BC 
0E FF 07  01 06 05 79 86 03 05 79 86 03 00 00 07 00 00 00 00  01 3A BC 01 3B 3C 01 3B 1C 01 1F BC 
0E FF 08  01 06 53 00 00 0A 53 00 00 04 00 00 07 00 64 04 38  00 00 00 00 00 00 00 00 00 01 3A FC 
0E FF 07  01 06 05 7A 87 03 05 7A 87 03 00 00 06 00 00 00 00  01 3A FC 01 3B 7C 01 3B 5C 01 1F BC 
0E FF 08  01 06 54 00 00 0A 54 00 00 04 00 00 06 00 64 04 38  00 00 00 00 00 00 00 00 00 01 3B 3C 
0E FF 07  01 06 05 7B 88 03 05 7B 88 03 00 00 05 00 00 00 00  01 3B 3C 01 3B BC 01 3B 9C 01 1F BC 
0E FF 08  01 06 55 00 00 0A 55 00 00 04 00 00 05 00 64 04 38  00 00 00 00 00 00 00 00 00 01 3B 7C 
0E FF 07  01 06 05 7C 89 03 05 7C 89 03 00 00 04 00 00 00 00  01 3B 7C 01 3B FC 01 3B DC 01 1F BC 
0E FF 08  01 06 56 00 00 0A 56 00 00 04 00 00 04 00 64 04 38  00 00 00 00 00 00 00 00 00 01 3B BC 
0E FF 07  01 06 05 7D 8A 03 05 7D 8A 03 00 00 03 00 00 00 00  01 3B BC 01 3C 3C 01 3C 1C 01 1F BC 
0E FF 08  01 06 57 00 00 0A 57 00 00 04 00 00 03 00 64 04 38  00 00 00 00 00 00 00 00 00 01 3B FC 
0E FF 07  01 06 05 7E 8B 03 05 7E 8B 03 00 00 02 00 00 00 00  01 3B FC 01 3C 7C 01 3C 5C 01 1F BC 
0E FF 08  01 06 58 00 00 0A 58 00 00 04 00 00 02 00 64 04 38  00 00 00 00 00 00 00 00 00 01 3C 3C 
0E FF 07  01 06 05 7F 8C 03 05 7F 8C 03 00 00 01 00 00 00 00  01 3C 3C 01 3C BC 01 3C 9C 01 1F BC 
0E FF 08  01 06 59 00 00 0A 59 00 00 04 00 00 01 00 64 04 38  00 00 00 00 00 00 00 00 00 01 3C 7C 
0E FF 07  01 06 05 80 00 03 05 80 00 03 00 00 00 00 00 00 00  01 3C 7C 00 00 00 01 3C DC 01 1F BC 
0E FF 08  01 06 5A 00 00 0A 5A 00 00 04 00 00 00 00 64 04 38  00 00 00 00 00 00 00 00 00 01 3C BC